FinalProject.xml_results.txt

==LAMINATE CONSTANTS==
laminate
== ThinPlate Properties ==
A = [[  9.800e+05   1.683e+05   1.455e-11]
 [  1.683e+05   5.819e+05   2.910e-11]
 [  1.455e-11   2.910e-11   2.158e+05]]
ABD = [[  9.800e+05   1.683e+05   1.455e-11   4.547e-12   7.958e-13  -6.821e-13]
 [  1.683e+05   5.819e+05   2.910e-11   7.958e-13   2.046e-12  -3.411e-13]
 [  1.455e-11   2.910e-11   2.158e+05  -6.821e-13  -3.411e-13   9.095e-13]
 [  4.547e-12   7.958e-13  -6.821e-13   7.551e+02   7.621e+01   5.015e+01]
 [  7.958e-13   2.046e-12  -3.411e-13   7.621e+01   1.050e+02   1.879e+01]
 [ -6.821e-13  -3.411e-13   9.095e-13   5.015e+01   1.879e+01   1.015e+02]]
B = [[  4.547e-12   7.958e-13  -6.821e-13]
 [  7.958e-13   2.046e-12  -3.411e-13]
 [ -6.821e-13  -3.411e-13   9.095e-13]]
D = [[ 755.143   76.205   50.15 ]
 [  76.205  105.005   18.794]
 [  50.15    18.794  101.503]]
Etaxs = -2.84198309997e-17
Etays = -1.23294477042e-16
Exx = 11640637.2993
Eyy = 6912364.50887
Gxy = 2697200.77015
Nuxy = 0.289295116534
Resultants = [[  8600.]
 [  4300.]
 [  2150.]
 [ 50000.]
 [ 70000.]
 [ 10000.]]
TotalAreaDensity = 0.00464
TotalThickness = 0.08
ax = 0.0
axy = 0.0
ay = 0.0
midStrainsCurves = [[  7.899e-03]
 [  5.104e-03]
 [  9.964e-03]
 [  2.030e-01]
 [  6.711e+02]
 [ -2.584e+01]]

sandwich
== ThinPlate Properties ==
A = [[  9.800e+05   1.683e+05   0.000e+00]
 [  1.683e+05   5.819e+05   2.183e-11]
 [  0.000e+00   2.183e-11   2.158e+05]]
ABD = [[  9.800e+05   1.683e+05   0.000e+00   1.455e-11   9.095e-13   0.000e+00]
 [  1.683e+05   5.819e+05   2.183e-11   9.095e-13  -6.366e-12   0.000e+00]
 [  0.000e+00   2.183e-11   2.158e+05   0.000e+00   0.000e+00   1.819e-12]
 [  1.455e-11   9.095e-13   0.000e+00   7.479e+04   1.228e+04   6.770e+02]
 [  9.095e-13  -6.366e-12   0.000e+00   1.228e+04   3.931e+04   2.537e+02]
 [  0.000e+00   0.000e+00   1.819e-12   6.770e+02   2.537e+02   1.575e+04]]
B = [[  1.455e-11   9.095e-13   0.000e+00]
 [  9.095e-13  -6.366e-12   0.000e+00]
 [  0.000e+00   0.000e+00   1.819e-12]]
D = [[ 74786.979  12281.091    677.02 ]
 [ 12281.091  39308.037    253.712]
 [   677.02     253.712  15745.267]]
Etaxs = 2.92650490073e-17
Etays = -1.01159844514e-16
Exx = 1605605.14473
Eyy = 953429.58743
Gxy = 372027.692435
Nuxy = 0.289295116534
Resultants = [[  8600.]
 [  4300.]
 [  2150.]
 [ 50000.]
 [ 70000.]
 [ 10000.]]
TotalAreaDensity = 0.00464
TotalThickness = 0.58
ax = 0.0
axy = 0.0
ay = 0.0
midStrainsCurves = [[ 0.008]
 [ 0.005]
 [ 0.01 ]
 [ 0.391]
 [ 1.655]
 [ 0.592]]

==LAMINATE FAILURE INDICES==
==LAMINATE FAILURE ENVELOPES==
laminate--primary  Hoffman/NM-LinVar
aPlot = [-1.103 -1.096 -1.086 -1.076 -1.066 -1.056 -1.046 -1.036 -1.026 -1.016 -1.006 -0.996 -0.986 -0.976 -0.966 -0.956 -0.946 -0.936 -0.926 -0.916 -0.906 -0.896 -0.886 -0.876 -0.866 -0.856 -0.846 -0.836 -0.826 -0.816 -0.806 -0.796 -0.786 -0.776 -0.766 -0.756
 -0.746 -0.736 -0.726 -0.716 -0.706 -0.696 -0.686 -0.676 -0.666 -0.656 -0.646 -0.636 -0.626 -0.616 -0.606 -0.596 -0.586 -0.576 -0.566 -0.556 -0.546 -0.536 -0.526 -0.516 -0.506 -0.496 -0.486 -0.476 -0.466 -0.456 -0.446 -0.436 -0.426 -0.416 -0.406 -0.396
 -0.386 -0.376 -0.366 -0.356 -0.346 -0.336 -0.326 -0.316 -0.306 -0.296 -0.286 -0.276 -0.266 -0.256 -0.246 -0.236 -0.226 -0.216 -0.206 -0.196 -0.186 -0.176 -0.166 -0.156 -0.146 -0.136 -0.126 -0.116 -0.106 -0.096 -0.086 -0.076 -0.066 -0.056 -0.046 -0.036
 -0.026 -0.016 -0.006  0.     0.01   0.02   0.03   0.04   0.05   0.06   0.07   0.08   0.09   0.1    0.11   0.12   0.13   0.14   0.15   0.16   0.17   0.18   0.19   0.2    0.21   0.22   0.23   0.24   0.25   0.26   0.27   0.28   0.29   0.3    0.31   0.32
  0.33   0.34   0.35   0.36   0.37   0.38   0.39   0.4    0.41   0.42   0.43   0.432  0.43   0.42   0.41   0.4    0.39   0.38   0.37   0.36   0.35   0.34   0.33   0.32   0.31   0.3    0.29   0.28   0.27   0.26   0.25   0.24   0.23   0.22   0.21   0.2    0.19
  0.18   0.17   0.16   0.15   0.14   0.13   0.12   0.11   0.1    0.09   0.08   0.07   0.06   0.05   0.04   0.03   0.02   0.01   0.    -0.006 -0.016 -0.026 -0.036 -0.046 -0.056 -0.066 -0.076 -0.086 -0.096 -0.106 -0.116 -0.126 -0.136 -0.146 -0.156 -0.166
 -0.176 -0.186 -0.196 -0.206 -0.216 -0.226 -0.236 -0.246 -0.256 -0.266 -0.276 -0.286 -0.296 -0.306 -0.316 -0.326 -0.336 -0.346 -0.356 -0.366 -0.376 -0.386 -0.396 -0.406 -0.416 -0.426 -0.436 -0.446 -0.456 -0.466 -0.476 -0.486 -0.496 -0.506 -0.516 -0.526
 -0.536 -0.546 -0.556 -0.566 -0.576 -0.586 -0.596 -0.606 -0.616 -0.626 -0.636 -0.646 -0.656 -0.666 -0.676 -0.686 -0.696 -0.706 -0.716 -0.726 -0.736 -0.746 -0.756 -0.766 -0.776 -0.786 -0.796 -0.806 -0.816 -0.826 -0.836 -0.846 -0.856 -0.866 -0.876 -0.886
 -0.896 -0.906 -0.916 -0.926 -0.936 -0.946 -0.956 -0.966 -0.976 -0.986 -0.996 -1.006 -1.016 -1.026 -1.036 -1.046 -1.056 -1.066 -1.076 -1.086 -1.096 -1.103]
aMin = -1.10292010887
bMin = -0.0234770843369
bMax = 0.0234770843369
aMax = 0.432218701586
bPlot = [ 0.     0.004  0.008  0.011  0.014  0.017  0.019  0.022  0.024  0.026  0.028  0.03   0.032  0.033  0.035  0.037  0.038  0.038  0.038  0.038  0.038  0.038  0.038  0.038  0.038  0.039  0.039  0.039  0.039  0.039  0.039  0.038  0.038  0.038  0.038  0.038
  0.038  0.038  0.038  0.038  0.038  0.038  0.038  0.038  0.038  0.038  0.038  0.037  0.037  0.037  0.037  0.037  0.037  0.037  0.037  0.036  0.036  0.036  0.036  0.036  0.036  0.036  0.035  0.035  0.035  0.035  0.035  0.035  0.034  0.034  0.034  0.034
  0.034  0.033  0.033  0.033  0.033  0.033  0.032  0.032  0.032  0.032  0.031  0.031  0.031  0.031  0.03   0.03   0.03   0.03   0.029  0.029  0.029  0.029  0.028  0.028  0.028  0.028  0.027  0.027  0.027  0.026  0.026  0.026  0.026  0.025  0.025  0.025
  0.024  0.024  0.024  0.023  0.023  0.023  0.023  0.022  0.022  0.022  0.021  0.021  0.02   0.02   0.02   0.019  0.019  0.019  0.018  0.018  0.018  0.017  0.017  0.017  0.016  0.016  0.015  0.015  0.015  0.014  0.014  0.013  0.013  0.013  0.012  0.012
  0.011  0.011  0.011  0.01   0.01   0.009  0.007  0.006  0.004  0.002  0.     0.    -0.    -0.002 -0.004 -0.006 -0.007 -0.009 -0.01  -0.01  -0.011 -0.011 -0.011 -0.012 -0.012 -0.013 -0.013 -0.013 -0.014 -0.014 -0.015 -0.015 -0.015 -0.016 -0.016 -0.017
 -0.017 -0.017 -0.018 -0.018 -0.018 -0.019 -0.019 -0.019 -0.02  -0.02  -0.02  -0.021 -0.021 -0.022 -0.022 -0.022 -0.023 -0.023 -0.023 -0.023 -0.024 -0.024 -0.024 -0.025 -0.025 -0.025 -0.026 -0.026 -0.026 -0.026 -0.027 -0.027 -0.027 -0.028 -0.028 -0.028
 -0.028 -0.029 -0.029 -0.029 -0.029 -0.03  -0.03  -0.03  -0.03  -0.031 -0.031 -0.031 -0.031 -0.032 -0.032 -0.032 -0.032 -0.033 -0.033 -0.033 -0.033 -0.033 -0.034 -0.034 -0.034 -0.034 -0.034 -0.035 -0.035 -0.035 -0.035 -0.035 -0.035 -0.036 -0.036 -0.036
 -0.036 -0.036 -0.036 -0.036 -0.037 -0.037 -0.037 -0.037 -0.037 -0.037 -0.037 -0.037 -0.038 -0.038 -0.038 -0.038 -0.038 -0.038 -0.038 -0.038 -0.038 -0.038 -0.038 -0.038 -0.038 -0.038 -0.038 -0.038 -0.039 -0.039 -0.039 -0.039 -0.039 -0.039 -0.038 -0.038
 -0.038 -0.038 -0.038 -0.038 -0.038 -0.038 -0.038 -0.037 -0.035 -0.033 -0.032 -0.03  -0.028 -0.026 -0.024 -0.022 -0.019 -0.017 -0.014 -0.011 -0.008 -0.004  0.   ]

sandwich--primary  Hoffman/NM-LinVar
aPlot = [-1.103 -1.096 -1.086 -1.076 -1.066 -1.056 -1.046 -1.036 -1.026 -1.016 -1.006 -0.996 -0.986 -0.976 -0.966 -0.956 -0.946 -0.936 -0.926 -0.916 -0.906 -0.896 -0.886 -0.876 -0.866 -0.856 -0.846 -0.836 -0.826 -0.816 -0.806 -0.796 -0.786 -0.776 -0.766 -0.756
 -0.746 -0.736 -0.726 -0.716 -0.706 -0.696 -0.686 -0.676 -0.666 -0.656 -0.646 -0.636 -0.626 -0.616 -0.606 -0.596 -0.586 -0.576 -0.566 -0.556 -0.546 -0.536 -0.526 -0.516 -0.506 -0.496 -0.486 -0.476 -0.466 -0.456 -0.446 -0.436 -0.426 -0.416 -0.406 -0.396
 -0.386 -0.376 -0.366 -0.356 -0.346 -0.336 -0.326 -0.316 -0.306 -0.296 -0.286 -0.276 -0.266 -0.256 -0.246 -0.236 -0.226 -0.216 -0.206 -0.196 -0.186 -0.176 -0.166 -0.156 -0.146 -0.136 -0.126 -0.116 -0.106 -0.096 -0.086 -0.076 -0.066 -0.056 -0.046 -0.036
 -0.026 -0.016 -0.006  0.     0.01   0.02   0.03   0.04   0.05   0.06   0.07   0.08   0.09   0.1    0.11   0.12   0.13   0.14   0.15   0.16   0.17   0.18   0.19   0.2    0.21   0.22   0.23   0.24   0.25   0.26   0.27   0.28   0.29   0.3    0.31   0.32
  0.33   0.34   0.35   0.36   0.37   0.38   0.39   0.4    0.41   0.42   0.43   0.432  0.43   0.42   0.41   0.4    0.39   0.38   0.37   0.36   0.35   0.34   0.33   0.32   0.31   0.3    0.29   0.28   0.27   0.26   0.25   0.24   0.23   0.22   0.21   0.2    0.19
  0.18   0.17   0.16   0.15   0.14   0.13   0.12   0.11   0.1    0.09   0.08   0.07   0.06   0.05   0.04   0.03   0.02   0.01   0.    -0.006 -0.016 -0.026 -0.036 -0.046 -0.056 -0.066 -0.076 -0.086 -0.096 -0.106 -0.116 -0.126 -0.136 -0.146 -0.156 -0.166
 -0.176 -0.186 -0.196 -0.206 -0.216 -0.226 -0.236 -0.246 -0.256 -0.266 -0.276 -0.286 -0.296 -0.306 -0.316 -0.326 -0.336 -0.346 -0.356 -0.366 -0.376 -0.386 -0.396 -0.406 -0.416 -0.426 -0.436 -0.446 -0.456 -0.466 -0.476 -0.486 -0.496 -0.506 -0.516 -0.526
 -0.536 -0.546 -0.556 -0.566 -0.576 -0.586 -0.596 -0.606 -0.616 -0.626 -0.636 -0.646 -0.656 -0.666 -0.676 -0.686 -0.696 -0.706 -0.716 -0.726 -0.736 -0.746 -0.756 -0.766 -0.776 -0.786 -0.796 -0.806 -0.816 -0.826 -0.836 -0.846 -0.856 -0.866 -0.876 -0.886
 -0.896 -0.906 -0.916 -0.926 -0.936 -0.946 -0.956 -0.966 -0.976 -0.986 -0.996 -1.006 -1.016 -1.026 -1.036 -1.046 -1.056 -1.066 -1.076 -1.086 -1.096 -1.103]
aMin = -1.10292010887
bMin = -1.10905834877
bMax = 3.5101529917
aMax = 0.432218701586
bPlot = [ 0.     0.041  0.098  0.154  0.208  0.262  0.314  0.365  0.416  0.465  0.514  0.562  0.61   0.657  0.703  0.748  0.793  0.838  0.882  0.925  0.969  1.011  1.053  1.095  1.136  1.177  1.218  1.258  1.298  1.338  1.377  1.416  1.455  1.493  1.531  1.569
  1.606  1.643  1.68   1.717  1.753  1.79   1.826  1.861  1.897  1.932  1.967  2.002  2.037  2.071  2.106  2.14   2.173  2.207  2.241  2.274  2.307  2.34   2.373  2.405  2.438  2.47   2.502  2.534  2.566  2.597  2.629  2.66   2.691  2.722  2.753  2.784
  2.807  2.828  2.848  2.869  2.889  2.909  2.929  2.949  2.969  2.989  3.009  3.028  3.048  3.067  3.086  3.105  3.124  3.142  3.161  3.179  3.198  3.216  3.234  3.251  3.269  3.287  3.304  3.321  3.339  3.355  3.372  3.389  3.405  3.422  3.438  3.454
  3.47   3.486  3.501  3.51   3.525  3.541  3.555  3.57   3.585  3.599  3.613  3.628  3.641  3.655  3.669  3.682  3.695  3.708  3.721  3.733  3.745  3.757  3.769  3.781  3.792  3.803  3.814  3.825  3.836  3.846  3.856  3.866  3.875  3.884  3.893  3.902
  3.91   3.919  3.926  3.934  3.941  3.948  3.955  3.961  3.967  3.972  3.978  0.    -0.007 -0.037 -0.067 -0.096 -0.126 -0.156 -0.185 -0.215 -0.244 -0.274 -0.303 -0.332 -0.361 -0.39  -0.419 -0.447 -0.476 -0.505 -0.533 -0.562 -0.59  -0.618 -0.646 -0.674
 -0.702 -0.73  -0.758 -0.786 -0.813 -0.841 -0.868 -0.896 -0.919 -0.937 -0.954 -0.972 -0.989 -1.007 -1.024 -1.041 -1.058 -1.075 -1.092 -1.109 -1.119 -1.136 -1.152 -1.169 -1.185 -1.202 -1.218 -1.235 -1.251 -1.267 -1.283 -1.299 -1.315 -1.331 -1.346 -1.362
 -1.377 -1.393 -1.408 -1.424 -1.439 -1.454 -1.469 -1.484 -1.499 -1.513 -1.528 -1.543 -1.557 -1.572 -1.586 -1.6   -1.614 -1.628 -1.642 -1.656 -1.67  -1.683 -1.697 -1.71  -1.724 -1.737 -1.75  -1.763 -1.776 -1.789 -1.802 -1.814 -1.827 -1.839 -1.851 -1.864
 -1.876 -1.888 -1.9   -1.911 -1.923 -1.934 -1.946 -1.957 -1.968 -1.979 -1.99  -2.001 -2.012 -2.022 -2.033 -2.043 -2.053 -2.063 -2.073 -2.083 -2.092 -2.102 -2.111 -2.12  -2.129 -2.138 -2.146 -2.155 -2.163 -2.172 -2.18  -2.187 -2.195 -2.203 -2.21  -2.217
 -2.224 -2.231 -2.237 -2.244 -2.25  -2.256 -2.262 -2.267 -2.266 -2.262 -2.257 -2.251 -2.245 -2.238 -2.23  -2.222 -2.212 -2.202 -2.19  -2.177 -2.164 -2.148  0.   ]

sandwich--primary  MaxStressAny/NM-LinVar
aPlot = [-0.87  -0.87  -0.86  -0.85  -0.84  -0.83  -0.82  -0.81  -0.8   -0.79  -0.78  -0.77  -0.76  -0.75  -0.74  -0.73  -0.72  -0.71  -0.7   -0.69  -0.68  -0.67  -0.66  -0.65  -0.64  -0.63  -0.62  -0.61  -0.6   -0.59  -0.58  -0.57  -0.56  -0.55  -0.54  -0.53
 -0.52  -0.51  -0.5   -0.49  -0.48  -0.47  -0.46  -0.45  -0.44  -0.43  -0.42  -0.41  -0.4   -0.39  -0.38  -0.37  -0.36  -0.35  -0.34  -0.33  -0.32  -0.31  -0.3   -0.29  -0.28  -0.27  -0.26  -0.25  -0.24  -0.23  -0.22  -0.21  -0.2   -0.19  -0.18  -0.17
 -0.16  -0.15  -0.14  -0.13  -0.12  -0.11  -0.1   -0.09  -0.08  -0.07  -0.06  -0.05  -0.04  -0.03  -0.02  -0.01   0.     0.01   0.02   0.03   0.04   0.05   0.06   0.07   0.08   0.09   0.1    0.11   0.12   0.13   0.14   0.15   0.16   0.17   0.18   0.19   0.2
  0.21   0.22   0.23   0.24   0.25   0.26   0.27   0.28   0.29   0.3    0.31   0.32   0.33   0.34   0.35   0.36   0.37   0.38   0.39   0.4    0.41   0.42   0.43   0.434  0.43   0.42   0.41   0.4    0.39   0.38   0.37   0.36   0.35   0.34   0.33   0.32
  0.31   0.3    0.29   0.28   0.27   0.26   0.25   0.24   0.23   0.22   0.21   0.2    0.19   0.18   0.17   0.16   0.15   0.14   0.13   0.12   0.11   0.1    0.09   0.08   0.07   0.06   0.05   0.04   0.03   0.02   0.01   0.    -0.01  -0.02  -0.03  -0.04
 -0.05  -0.06  -0.07  -0.08  -0.09  -0.1   -0.11  -0.12  -0.13  -0.14  -0.15  -0.16  -0.17  -0.18  -0.19  -0.2   -0.21  -0.22  -0.23  -0.24  -0.25  -0.26  -0.27  -0.28  -0.29  -0.3   -0.31  -0.32  -0.33  -0.34  -0.35  -0.36  -0.37  -0.38  -0.39  -0.4   -0.41
 -0.42  -0.43  -0.44  -0.45  -0.46  -0.47  -0.48  -0.49  -0.5   -0.51  -0.52  -0.53  -0.54  -0.55  -0.56  -0.57  -0.58  -0.59  -0.6   -0.61  -0.62  -0.63  -0.64  -0.65  -0.66  -0.67  -0.68  -0.69  -0.7   -0.71  -0.72  -0.73  -0.74  -0.75  -0.76  -0.77
 -0.78  -0.79  -0.8   -0.81  -0.82  -0.83  -0.84  -0.85  -0.86  -0.87  -0.87 ]
aMin = -0.869952508462
bMin = -1.09723889338
bMax = 2.7550093194
aMax = 0.434463755484
bPlot = [  0.000e+00   2.356e-04   4.984e-02   9.944e-02   1.490e-01   1.986e-01   2.482e-01   2.978e-01   3.474e-01   3.970e-01   4.466e-01   4.962e-01   5.458e-01   5.954e-01   6.450e-01   6.946e-01   7.442e-01   7.938e-01   8.434e-01   8.930e-01   9.426e-01
   9.922e-01   1.042e+00   1.091e+00   1.141e+00   1.191e+00   1.240e+00   1.290e+00   1.339e+00   1.389e+00   1.439e+00   1.488e+00   1.538e+00   1.587e+00   1.637e+00   1.687e+00   1.736e+00   1.786e+00   1.835e+00   1.885e+00   1.935e+00   1.984e+00
   2.034e+00   2.083e+00   2.121e+00   2.135e+00   2.150e+00   2.164e+00   2.179e+00   2.193e+00   2.207e+00   2.222e+00   2.236e+00   2.251e+00   2.265e+00   2.279e+00   2.294e+00   2.308e+00   2.323e+00   2.337e+00   2.352e+00   2.366e+00   2.380e+00
   2.395e+00   2.409e+00   2.424e+00   2.438e+00   2.452e+00   2.467e+00   2.481e+00   2.496e+00   2.510e+00   2.524e+00   2.539e+00   2.553e+00   2.568e+00   2.582e+00   2.597e+00   2.611e+00   2.625e+00   2.640e+00   2.654e+00   2.669e+00   2.683e+00
   2.697e+00   2.712e+00   2.726e+00   2.741e+00   2.755e+00   2.769e+00   2.784e+00   2.798e+00   2.813e+00   2.827e+00   2.842e+00   2.856e+00   2.870e+00   2.885e+00   2.899e+00   2.914e+00   2.928e+00   2.942e+00   2.957e+00   2.971e+00   2.986e+00
   3.000e+00   3.014e+00   3.029e+00   3.043e+00   3.058e+00   3.072e+00   3.087e+00   3.101e+00   3.115e+00   3.130e+00   3.144e+00   3.159e+00   3.173e+00   3.187e+00   3.202e+00   3.216e+00   3.231e+00   3.245e+00   3.260e+00   3.274e+00   3.288e+00
   3.303e+00   3.317e+00   3.332e+00   3.346e+00   3.360e+00   3.375e+00   0.000e+00  -1.243e-02  -4.028e-02  -6.813e-02  -9.598e-02  -1.238e-01  -1.517e-01  -1.795e-01  -2.074e-01  -2.352e-01  -2.631e-01  -2.909e-01  -3.188e-01  -3.466e-01  -3.745e-01
  -4.023e-01  -4.302e-01  -4.580e-01  -4.859e-01  -5.137e-01  -5.416e-01  -5.694e-01  -5.973e-01  -6.251e-01  -6.530e-01  -6.808e-01  -7.087e-01  -7.365e-01  -7.644e-01  -7.922e-01  -8.201e-01  -8.479e-01  -8.758e-01  -9.036e-01  -9.295e-01  -9.463e-01
  -9.631e-01  -9.798e-01  -9.966e-01  -1.013e+00  -1.030e+00  -1.047e+00  -1.064e+00  -1.080e+00  -1.097e+00  -1.114e+00  -1.131e+00  -1.147e+00  -1.164e+00  -1.181e+00  -1.198e+00  -1.214e+00  -1.231e+00  -1.248e+00  -1.265e+00  -1.282e+00  -1.298e+00
  -1.315e+00  -1.332e+00  -1.349e+00  -1.365e+00  -1.382e+00  -1.399e+00  -1.416e+00  -1.433e+00  -1.449e+00  -1.466e+00  -1.483e+00  -1.500e+00  -1.516e+00  -1.533e+00  -1.550e+00  -1.567e+00  -1.583e+00  -1.600e+00  -1.617e+00  -1.634e+00  -1.651e+00
  -1.667e+00  -1.684e+00  -1.701e+00  -1.718e+00  -1.734e+00  -1.751e+00  -1.768e+00  -1.785e+00  -1.802e+00  -1.818e+00  -1.835e+00  -1.852e+00  -1.869e+00  -1.885e+00  -1.902e+00  -1.919e+00  -1.936e+00  -1.953e+00  -1.969e+00  -1.986e+00  -2.003e+00
  -2.020e+00  -2.036e+00  -2.053e+00  -2.070e+00  -2.087e+00  -2.103e+00  -2.120e+00  -2.137e+00  -2.154e+00  -2.171e+00  -2.187e+00  -2.204e+00  -2.221e+00  -2.238e+00  -2.254e+00  -2.271e+00  -2.288e+00  -2.305e+00  -2.322e+00  -2.338e+00  -2.355e+00
  -2.372e+00  -2.389e+00  -2.405e+00  -2.422e+00  -2.439e+00  -2.456e+00  -2.472e+00  -2.489e+00  -2.506e+00  -2.523e+00  -2.540e+00  -2.556e+00   0.000e+00]

laminate--primary  MaxStressAny/NM-LinVar
aPlot = [-0.87  -0.87  -0.86  -0.85  -0.84  -0.83  -0.82  -0.81  -0.8   -0.79  -0.78  -0.77  -0.76  -0.75  -0.74  -0.73  -0.72  -0.71  -0.7   -0.69  -0.68  -0.67  -0.66  -0.65  -0.64  -0.63  -0.62  -0.61  -0.6   -0.59  -0.58  -0.57  -0.56  -0.55  -0.54  -0.53
 -0.52  -0.51  -0.5   -0.49  -0.48  -0.47  -0.46  -0.45  -0.44  -0.43  -0.42  -0.41  -0.4   -0.39  -0.38  -0.37  -0.36  -0.35  -0.34  -0.33  -0.32  -0.31  -0.3   -0.29  -0.28  -0.27  -0.26  -0.25  -0.24  -0.23  -0.22  -0.21  -0.2   -0.19  -0.18  -0.17
 -0.16  -0.15  -0.14  -0.13  -0.12  -0.11  -0.1   -0.09  -0.08  -0.07  -0.06  -0.05  -0.04  -0.03  -0.02  -0.01   0.     0.01   0.02   0.03   0.04   0.05   0.06   0.07   0.08   0.09   0.1    0.11   0.12   0.13   0.14   0.15   0.16   0.17   0.18   0.19   0.2
  0.21   0.22   0.23   0.24   0.25   0.26   0.27   0.28   0.29   0.3    0.31   0.32   0.33   0.34   0.35   0.36   0.37   0.38   0.39   0.4    0.41   0.42   0.43   0.434  0.43   0.42   0.41   0.4    0.39   0.38   0.37   0.36   0.35   0.34   0.33   0.32
  0.31   0.3    0.29   0.28   0.27   0.26   0.25   0.24   0.23   0.22   0.21   0.2    0.19   0.18   0.17   0.16   0.15   0.14   0.13   0.12   0.11   0.1    0.09   0.08   0.07   0.06   0.05   0.04   0.03   0.02   0.01   0.    -0.01  -0.02  -0.03  -0.04
 -0.05  -0.06  -0.07  -0.08  -0.09  -0.1   -0.11  -0.12  -0.13  -0.14  -0.15  -0.16  -0.17  -0.18  -0.19  -0.2   -0.21  -0.22  -0.23  -0.24  -0.25  -0.26  -0.27  -0.28  -0.29  -0.3   -0.31  -0.32  -0.33  -0.34  -0.35  -0.36  -0.37  -0.38  -0.39  -0.4   -0.41
 -0.42  -0.43  -0.44  -0.45  -0.46  -0.47  -0.48  -0.49  -0.5   -0.51  -0.52  -0.53  -0.54  -0.55  -0.56  -0.57  -0.58  -0.59  -0.6   -0.61  -0.62  -0.63  -0.64  -0.65  -0.66  -0.67  -0.68  -0.69  -0.7   -0.71  -0.72  -0.73  -0.74  -0.75  -0.76  -0.77
 -0.78  -0.79  -0.8   -0.81  -0.82  -0.83  -0.84  -0.85  -0.86  -0.87  -0.87 ]
aMin = -0.869952508462
bMin = -0.023434310293
bMax = 0.023434310293
aMax = 0.434463755484
bPlot = [  0.000e+00   1.531e-05   3.239e-03   6.463e-03   9.688e-03   1.291e-02   1.614e-02   1.936e-02   2.258e-02   2.581e-02   2.903e-02   3.226e-02   3.548e-02   3.870e-02   4.193e-02   4.515e-02   4.838e-02   4.887e-02   4.851e-02   4.815e-02   4.779e-02
   4.743e-02   4.707e-02   4.672e-02   4.636e-02   4.600e-02   4.564e-02   4.528e-02   4.492e-02   4.457e-02   4.421e-02   4.385e-02   4.349e-02   4.313e-02   4.278e-02   4.242e-02   4.206e-02   4.170e-02   4.134e-02   4.098e-02   4.063e-02   4.027e-02
   3.991e-02   3.955e-02   3.919e-02   3.883e-02   3.848e-02   3.812e-02   3.776e-02   3.740e-02   3.704e-02   3.669e-02   3.633e-02   3.597e-02   3.561e-02   3.525e-02   3.489e-02   3.454e-02   3.418e-02   3.382e-02   3.346e-02   3.310e-02   3.274e-02
   3.239e-02   3.203e-02   3.167e-02   3.131e-02   3.095e-02   3.060e-02   3.024e-02   2.988e-02   2.952e-02   2.916e-02   2.880e-02   2.845e-02   2.809e-02   2.773e-02   2.737e-02   2.701e-02   2.665e-02   2.630e-02   2.594e-02   2.558e-02   2.522e-02
   2.486e-02   2.451e-02   2.415e-02   2.379e-02   2.343e-02   2.308e-02   2.272e-02   2.236e-02   2.200e-02   2.164e-02   2.128e-02   2.093e-02   2.057e-02   2.021e-02   1.985e-02   1.949e-02   1.914e-02   1.878e-02   1.842e-02   1.806e-02   1.770e-02
   1.734e-02   1.699e-02   1.663e-02   1.627e-02   1.591e-02   1.555e-02   1.519e-02   1.484e-02   1.448e-02   1.412e-02   1.376e-02   1.340e-02   1.305e-02   1.269e-02   1.233e-02   1.197e-02   1.161e-02   1.125e-02   1.090e-02   1.054e-02   1.007e-02
   8.511e-03   6.948e-03   5.385e-03   3.823e-03   2.260e-03   6.975e-04   0.000e+00  -6.975e-04  -2.260e-03  -3.823e-03  -5.385e-03  -6.948e-03  -8.511e-03  -1.007e-02  -1.054e-02  -1.090e-02  -1.125e-02  -1.161e-02  -1.197e-02  -1.233e-02  -1.269e-02
  -1.305e-02  -1.340e-02  -1.376e-02  -1.412e-02  -1.448e-02  -1.484e-02  -1.519e-02  -1.555e-02  -1.591e-02  -1.627e-02  -1.663e-02  -1.699e-02  -1.734e-02  -1.770e-02  -1.806e-02  -1.842e-02  -1.878e-02  -1.914e-02  -1.949e-02  -1.985e-02  -2.021e-02
  -2.057e-02  -2.093e-02  -2.128e-02  -2.164e-02  -2.200e-02  -2.236e-02  -2.272e-02  -2.308e-02  -2.343e-02  -2.379e-02  -2.415e-02  -2.451e-02  -2.486e-02  -2.522e-02  -2.558e-02  -2.594e-02  -2.630e-02  -2.665e-02  -2.701e-02  -2.737e-02  -2.773e-02
  -2.809e-02  -2.845e-02  -2.880e-02  -2.916e-02  -2.952e-02  -2.988e-02  -3.024e-02  -3.060e-02  -3.095e-02  -3.131e-02  -3.167e-02  -3.203e-02  -3.239e-02  -3.274e-02  -3.310e-02  -3.346e-02  -3.382e-02  -3.418e-02  -3.454e-02  -3.489e-02  -3.525e-02
  -3.561e-02  -3.597e-02  -3.633e-02  -3.669e-02  -3.704e-02  -3.740e-02  -3.776e-02  -3.812e-02  -3.848e-02  -3.883e-02  -3.919e-02  -3.955e-02  -3.991e-02  -4.027e-02  -4.063e-02  -4.098e-02  -4.134e-02  -4.170e-02  -4.206e-02  -4.242e-02  -4.278e-02
  -4.313e-02  -4.349e-02  -4.385e-02  -4.421e-02  -4.457e-02  -4.492e-02  -4.528e-02  -4.564e-02  -4.600e-02  -4.636e-02  -4.672e-02  -4.707e-02  -4.743e-02  -4.779e-02  -4.815e-02  -4.851e-02  -4.887e-02  -4.838e-02  -4.515e-02  -4.193e-02  -3.870e-02
  -3.548e-02  -3.226e-02  -2.903e-02  -2.581e-02  -2.258e-02  -1.936e-02  -1.614e-02  -1.291e-02  -9.688e-03  -6.463e-03  -3.239e-03  -1.531e-05   0.000e+00]

